graph_building_s=0.709647
task_planning_s=1.35551
motion_planning_s=133.309
joint_motion_planning_s=74.4559
total_s=209.83
