graph_building_s=0.686489
task_planning_s=1.59395
motion_planning_s=153.133
joint_motion_planning_s=76.5773
total_s=231.99
